89 00 02 15 19 35 45
89 02 17 22 48 54 59
89 12 52
89 15 33
89 16 59
89 17 31
151 06 50
151 06 56
151 08 49
151 10 58
151 11 24 28 40
151 15 52
151 22 37
151 24 40 57 59
151 27 40 47 56
151 41 52 55 59
541 03 17 35 46
541 09 28 35 56
541 13 50 56 59
541 20 21 25 36
541 21 41
541 28 45 48 51
541 37 51
541 41 47
857 01 47
857 02 19
857 03 41
857 05 48
857 05 57
857 07 32 41 58
857 07 50 53 55
857 15 53
857 16 21
857 19 55
857 20 21 39 51
857 21 44
857 21 57
857 23 40 46 59
857 26 44
857 26 50
857 29 51
857 30 58
857 32 58
857 33 58
857 34 50
857 44 54
857 45 47
857 45 58
857 49 52
1009 03 09 32 54
1009 08 27 44 45
1009 08 56
1009 32 33 42 46 53 54
1009 36 41
1009 40 57
1009 50 57
1009 51 56
1009 56 57
1283 00 07 34 36 47 48
1283 00 13
1283 02 09
1283 06 18 28 31 49 51
1283 11 18 25 30 43 51
1283 14 37 40 41 48 49
1283 18 28 38 42
1283 24 47
1283 30 54
1283 43 51 55 57
1381 00 52
1381 03 05 08 14 33 58
1381 07 28
1381 08 34
1381 08 52
1381 15 59
1381 23 33 54 56
1381 26 28 44 45
1381 32 45 49 53
1381 33 34 44 48
1381 55 57
1571 00 58
1571 06 48 54 56
1571 16 27
1571 19 52
1571 22 35
1571 28 52
1571 30 52
1571 33 50
1571 33 57
1571 42 54
1571 43 59
1571 54 58
1697 00 56
1697 04 11 15 29 41 59
1697 05 48
1697 06 28 45 56
1697 09 17 32 57
1697 16 22 26 51
1697 25 51
1697 27 57
1697 29 34 43 52
1697 32 46 52 59
1697 33 48
1697 37 57
1697 42 48
1723 00 49
1723 03 08 33 42
1723 06 27 33 37
1723 06 47
1723 07 15 29 58
1723 14 23 35 40 49 52
1723 15 40
1723 15 43
1723 22 31 37 43
1723 23 30
1723 26 40
1723 28 48
1723 32 40
1723 33 49
1723 34 39 47 50 57 58
1723 34 51
1723 35 40 56 59
1723 35 41
1723 36 41 47 57
1723 37 42 52 58
1723 38 43 57 58
1723 38 46
2063
2063
2063
2251 08 55
2251 09 33 50 54
2251 15 54
2251 16 36 39 56
2251 30 45 52 55
2251 42 51 56 59
2251 46 53
2411 00 18
2411 02 43 53 59
2411 12 27 30 57
2411 12 48
2411 16 47
2411 18 24
2411 18 30 48 55
2411 19 30 43 46
2411 19 57
2411 20 22 37 51
2411 20 56
2411 28 38 54 55
2411 45 46
2473 00 41 52 55
2473 01 51
2473 02 10 16 18 45 55
2473 02 40
2473 02 54
2473 06 19 29 57
2473 09 28 37 55
2473 12 56
2473 15 56
2473 18 26
2473 19 36 54 58
2473 22 24 31 54
2473 23 25
2473 23 54
2473 26 30 37 57
2473 26 58
2473 37 54
2473 41 50 55 56
2473 41 58
2473 57 58
2963 06 53
2963 10 44 48 50
2963 11 29 50 58
2963 13 24
2963 17 46
2963 20 58
2963 25 46
2963 26 27 50 55
2963 26 31 37 38 44 48
2963 33 59
2963 39 50
2963 40 53
2963 48 49
2963 56 57
3137 01 57
3137 05 24 42 46 56 57
3137 05 49
3137 08 17 31 44
3137 17 24 32 56
3137 23 35
3137 39 41 50 55
3137 40 54
3209 00 56
3209 02 57
3209 04 06 26 40 45 53
3209 08 38 45 48 57 58
3209 08 52
3209 09 15
3209 09 28
3209 13 48
3209 18 43
3209 19 41
3209 22 29
3209 24 30
3209 25 58
3209 38 47
3209 43 49 56 59
3259 00 36 49 53
3259 01 46 52 54
3259 04 30 48 55
3259 07 39 42 53 57 59
3259 12 57
3259 13 59
3259 14 52
3259 15 59
3259 19 26
3259 19 28 37 49 54 59
3259 23 45 51 59
3259 24 57
3259 25 57
3259 26 59
3259 29 31 38 49
3259 30 33 37 55
3347
3347
3347
3347
3347
3469 18 46
3469 19 21 42 43
3469 21 55
3469 22 57
3469 23 36 50 59
3469 26 41 46 52
3469 26 53
3469 30 51
3469 31 46
3469 40 52
3469 43 55
3469 49 53
3469 49 54
3469 55 57
3511 06 50 54 55
3511 08 51
3511 09 20 50 56
3511 18 26 37 38 52 56
3511 25 29
3511 27 51
3511 49 56
3533 02 14 35 45
3533 10 35 38 57
3533 10 36 53 56
3533 15 57
3533 16 29 33 52
3533 25 56
3533 25 59
3533 29 41
3533 32 39 54 57
3533 33 41
3533 39 53 57 59
3533 41 47 50 55
3533 42 44 54 59
3533 51 53
3533 52 59
